 Matrizes            3 x           3  : 
 -----------------------------------------------------
 Matriz A
 |   3.00000000       1.00000000      -2.00000000     |
 |   2.00000000       0.00000000      -1.00000000     |
 |   1.00000000       3.00000000       2.00000000     |
 -----------------------------------------------------
 Matriz B
 |   1.00000000       2.00000000       3.00000000     |
 |   1.00000000      -2.00000000       5.00000000     |
 |   2.00000000       3.00000000       6.00000000     |
 -----------------------------------------------------
 Matriz C = A*B =
 |           0          -2           2 |
 |           0           1           0 |
 |           8           2          30 |
 -----------------------------------------------------
 ======================================================
 Matrizes            5 x           5  : 
 -----------------------------------------------------
 Matriz A
 |   2.00000000       6.00000000       3.00000000       0.00000000       1.00000000     |
 |   2.00000000       5.00000000       9.00000000       7.00000000       1.00000000     |
 |   0.00000000       5.00000000       8.00000000       4.00000000       3.00000000     |
 |   2.00000000       5.00000000      -4.00000000      -3.00000000       1.00000000     |
 |   0.00000000       6.00000000      -3.00000000       0.00000000       8.00000000     |
 -----------------------------------------------------
 Matriz B
 |   1.00000000       4.00000000       2.00000000      -9.00000000       0.00000000     |
 |   0.00000000       2.00000000      -4.00000000       3.00000000       1.00000000     |
 |   4.00000000      -2.00000000       3.00000000      -7.00000000       0.00000000     |
 |  -1.00000000       0.00000000      -2.00000000       3.00000000       5.00000000     |
 |   2.00000000       3.00000000      -4.00000000       5.00000000       9.00000000     |
 -----------------------------------------------------
 Matriz C = A*B =
 |          16          17         -15         -16          15 |
 |          33           3          -7         -40          49 |
 |          34           3         -16         -14          52 |
 |          -9          29         -26          21          -1 |
 |           4          42         -65          79          78 |
 -----------------------------------------------------
 ======================================================
 Matrizes            3 x           3  : 
 -----------------------------------------------------
 Matriz A
 |  0.333299994       0.00000000      0.942799985     |
 |  0.666599989      0.707099974     -0.235699996     |
 |  0.666599989     -0.707099974     -0.235699996     |
 -----------------------------------------------------
 Matriz B
 |  0.333299994      0.666599989      0.666599989     |
 |   0.00000000      0.707099974     -0.707099974     |
 |  0.942799985     -0.235699996     -0.235699996     |
 -----------------------------------------------------
 Matriz C = A*B =
 |           0           0           0 |
 |           0           0           0 |
 |           0           0           0 |
 -----------------------------------------------------
 ======================================================
